045-3 85.0 4.0 3.0 0.0470588235294 0.0352941176471 6 0.0705882352941 117 20 61.59 1.5395 30.8 1.9 3.8 0.263 7.462 3.433 
045-2 132.0 4.0 4.0 0.030303030303 0.030303030303 11 0.0833333333333 169 36 106.13 1.60333 48.41 1.59239 3.49101 0.28645 7.053 4.582 
242-0 94.0 7.0 1.0 0.0744680851064 0.0106382978723 5 0.0531914893617 104 0 59.94 0 59.94 1.73507 1.73507 0.576346 11.667 6.831 
045-0 134.0 8.0 4.0 0.0597014925373 0.0298507462687 3 0.0223880597015 204 0 95.29 0 95.29 2.14083 2.14083 0.467108 8.105 4.216 
245-1 143.0 12.0 5.0 0.0839160839161 0.034965034965 14 0.0979020979021 168 1 77.32 0.349998 76.97 2.17279 2.18267 0.458155 9.6 7.614 
245-0 116.0 9.0 3.0 0.0775862068966 0.0258620689655 6 0.051724137931 186 0 46.53 0 46.53 3.99742 3.99742 0.250161 16.714 6.135 
245-2 110.0 4.0 1.0 0.0363636363636 0.00909090909091 8 0.0727272727273 189 14 67.66 0.929286 54.65 2.79338 3.45837 0.289153 9.917 5.283 
118-0 68.0 6.0 2.0 0.0882352941176 0.0294117647059 2 0.0294117647059 86 0 38.21 0 38.21 2.25 2.25 0.444 11.143 7.16 
118-1 104.0 8.0 4.0 0.0769230769231 0.0384615384615 1 0.00961538461538 139 3 52.74 1.03 49.65 2.63557 2.7996 0.357194 11.9 5.356 
118-2 50.0 2.0 1.0 0.04 0.02 3 0.06 65 12 44.19 2.115 18.81 1.47092 3.45561 0.289385 6.1 2.343 
118-3 74.0 2.0 2.0 0.027027027027 0.027027027027 7 0.0945945945946 100 11 39.38 1.28636 25.23 2.54 3.96 0.252 12.286 5.725 
118-4 102.0 5.0 6.0 0.0490196078431 0.0588235294118 2 0.0196078431373 160 15 54.39 0.778667 42.71 2.94172 3.7462 0.266937 14.5 7.921 
034-3 95.0 9.0 0.0 0.0947368421053 0.0 2 0.0210526315789 117 15 77.68 3.348 27.46 1.50618 4.26074 0.234701 12.444 6.618 
034-2 97.0 9.0 4.0 0.0927835051546 0.0412371134021 1 0.0103092783505 37 0 55.86 0 55.86 0.66237 0.66237 1.50973 10.9 8.949 
034-1 49.0 4.0 1.0 0.0816326530612 0.0204081632653 1 0.0204081632653 82 0 49.3 0 49.3 1.66329 1.66329 0.60122 7.167 1.675 
034-0 106.0 6.0 3.0 0.0566037735849 0.0283018867925 4 0.0377358490566 166 0 86.21 0 86.21 1.92553 1.92553 0.519337 10.167 6.841 
678-0 95.0 11.0 4.0 0.115789473684 0.0421052631579 2 0.0210526315789 104 11 63.38 3.15182 28.71 1.6409 3.62243 0.276058 11.8 5.192 
034-4 128.0 12.0 5.0 0.09375 0.0390625 1 0.0078125 0 0 76.53 0 76.53 0 0 0 10.615 4.907 
086-0 253.0 24.0 5.0 0.0948616600791 0.0197628458498 8 0.0316205533597 279 0 97.75 0 97.75 2.85422 2.85422 0.350358 12.2 5.231 
086-1 123.0 10.0 4.0 0.0813008130081 0.0325203252033 0 0.0 156 0 49.8 0 49.8 3.13253 3.13253 0.319231 11.364 10.857 
086-2 105.0 16.0 0.0 0.152380952381 0.0 2 0.0190476190476 105 11 40.71 1.19909 27.52 2.57922 3.81541 0.262095 10.455 4.659 
086-3 110.0 14.0 1.0 0.127272727273 0.00909090909091 2 0.0181818181818 126 10 42.89 1.043 32.46 2.93775 3.8817 0.257619 8.6 5.083 
086-4 186.0 17.0 3.0 0.0913978494624 0.0161290322581 10 0.0537634408602 248 22 77.36 0.922273 57.07 3.21 4.35 0.23 10.947 7.437 
242-1 177.0 23.0 3.0 0.129943502825 0.0169491525424 4 0.0225988700565 98 0 68.19 0 68.19 1.43716 1.43716 0.695816 10.05 7.883 
068-0 120.0 10.0 5.0 0.0833333333333 0.0416666666667 8 0.0666666666667 142 0 65.16 0 65.16 2.18 2.18 0.459 10.4 6.902 
068-2 96.0 8.0 3.0 0.0833333333333 0.03125 4 0.0416666666667 35 0 51.3 0 51.3 0.68 0.68 1.466 10.5 5.464 
068-3 151.0 14.0 7.0 0.0927152317881 0.046357615894 7 0.046357615894 169 14 60.39 1.52 39.11 2.8 4.32 0.231 18.889 13.379 
631-0 54.0 6.0 1.0 0.111111111111 0.0185185185185 1 0.0185185185185 70 13 28 0.791538 17.71 2.5 3.95 0.253 8.5 3 
155-3 74.0 6.0 1.0 0.0810810810811 0.0135135135135 1 0.0135135135135 78 15 49.7 1.94133 20.58 1.57 3.79 0.264 11 3.391 
304-2 86.0 10.0 1.0 0.116279069767 0.0116279069767 5 0.0581395348837 95 12 39.16 1.13083 25.59 2.43 3.71 0.269 11.444 5.145 
275-0 115.0 9.0 1.0 0.0782608695652 0.00869565217391 5 0.0434782608696 113 2 52.37 3.95 44.47 2.15772 2.54104 0.39354 9.846 5.489 
275-1 67.0 4.0 3.0 0.0597014925373 0.044776119403 5 0.0746268656716 97 8 34.04 0.72 28.28 2.85 3.43 0.292 10 3.122 
155-2 119.0 8.0 5.0 0.0672268907563 0.0420168067227 2 0.0168067226891 147 0 86.87 0 86.87 1.69218 1.69218 0.590952 9.133 5.045 
297-1 70.0 8.0 3.0 0.114285714286 0.0428571428571 0 0.0 82 11 40.78 1.70364 22.04 2.01 3.72 0.269 9.667 4.784 
297-2 75.0 6.0 1.0 0.08 0.0133333333333 0 0.0 92 8 53.91 3.93875 22.4 1.70655 4.10714 0.243478 9.2 4.643 
056-4 77.0 5.0 0.0 0.0649350649351 0.0 5 0.0649350649351 113 11 40.1 0.765455 31.68 2.82 3.57 0.28 10.125 4.256 
056-3 68.0 5.0 3.0 0.0735294117647 0.0441176470588 2 0.0294117647059 88 15 42.43 1.37733 21.77 2.07 4.04 0.247 10.714 6.518 
175-2 132.0 15.0 3.0 0.113636363636 0.0227272727273 0 0.0 165 0 51.76 0 51.76 3.18779 3.18779 0.313697 9 5.861 
175-1 171.0 16.0 10.0 0.093567251462 0.0584795321637 7 0.0409356725146 193 18 71.72 1.13722 51.25 2.69 3.77 0.266 12.667 10.774 
056-0 85.0 11.0 4.0 0.129411764706 0.0470588235294 3 0.0352941176471 113 0 32.67 0 32.3 3.45883 3.49845 0.285841 11.333 7.874 
073-0 109.0 8.0 1.0 0.0733944954128 0.00917431192661 8 0.0733944954128 154 2 76.08 0.6 74.88 2.02419 2.05662 0.486234 7.933 4.597 
073-1 74.0 2.0 2.0 0.027027027027 0.027027027027 3 0.0405405405405 89 13 60.69 2.47538 28.51 1.46647 3.12171 0.320337 13.333 5.497 
196-0 116.0 10.0 1.0 0.0862068965517 0.00862068965517 2 0.0172413793103 155 0 58.15 0 58.15 2.67 2.67 0.375 11.583 9.57 
073-3 92.0 5.0 6.0 0.054347826087 0.0652173913043 2 0.0217391304348 145 26 70.96 1.33885 36.15 2.0434 4.01107 0.24931 9.8 5.288 
137-1 77.0 7.0 0.0 0.0909090909091 0.0 2 0.025974025974 111 0 44.32 0 44.32 2.50451 2.50451 0.399279 8.7 7.1 
137-0 147.0 19.0 4.0 0.12925170068 0.0272108843537 6 0.0408163265306 155 0 96.5 0 96.5 1.60622 1.60622 0.622581 8.25 3.935 
137-3 114.0 10.0 5.0 0.0877192982456 0.0438596491228 0 0.0 134 13 52.5 0.938462 40.3 2.55238 3.32506 0.300746 12.5 7.826 
137-2 82.0 11.0 0.0 0.134146341463 0.0 4 0.0487804878049 111 0 37.45 0 37.45 2.96 2.96 0.337 8.25 5.182 
140-3 48.0 4.0 4.0 0.0833333333333 0.0833333333333 3 0.0625 59 6 32.28 2.56 16.92 1.82776 3.487 0.28678 8.571 6.842 
042-1 174.0 18.0 3.0 0.103448275862 0.0172413793103 11 0.0632183908046 194 0 59.19 0 59.19 3.28 3.28 0.305 11.176 7.197 
107-2 45.0 1.0 0.0 0.0222222222222 0.0 0 0.0 14 0 27.67 0 27.67 0.51 0.51 1.977 7.25 2.222 
042-3 95.0 9.0 2.0 0.0947368421053 0.0210526315789 8 0.0842105263158 110 0 48.06 0 48.06 2.29 2.29 0.437 9.273 5.361 
042-4 65.0 4.0 1.0 0.0615384615385 0.0153846153846 9 0.138461538462 86 13 34.19 1.07385 20.23 2.51536 4.25111 0.235233 9.429 6.044 
299-1 62.0 9.0 1.0 0.145161290323 0.0161290322581 3 0.0483870967742 72 4 24.18 1.4175 18.51 2.97767 3.88979 0.257083 9.25 7.241 


055-0 76.0 5.0 3.0 0.0657894736842 0.0394736842105 3 0.0394736842105 151 0 53.5 0 53.5 2.82243 2.82243 0.354305 5.75 4.294 
686-0 181.0 14.0 4.0 0.0773480662983 0.0220994475138 7 0.0386740331492 211 17 61.16 0.898823 45.88 3.45 4.6 0.217 15.75 11.329 
109-3 125.0 7.0 1.0 0.056 0.008 10 0.08 138 20 49.54 0.7155 35.23 2.78563 3.91712 0.25529 10.667 6.968 
109-1 126.0 9.0 5.0 0.0714285714286 0.0396825396825 8 0.0634920634921 228 0 67.18 0 67.18 3.39387 3.39387 0.294649 8.5 6.586 
002-0 147.0 6.0 6.0 0.0408163265306 0.0408163265306 5 0.0340136054422 115 0 60.35 0 60.35 1.90555 1.90555 0.524783 8.833 5.199 
002-1 101.0 6.0 3.0 0.0594059405941 0.029702970297 0 0.0 147 0 61.9 0 61.9 2.3748 2.3748 0.421088 7.733 3.065 
109-4 94.0 6.0 2.0 0.063829787234 0.0212765957447 8 0.0851063829787 124 23 56.58 1.06913 31.99 2.19159 3.87621 0.257984 7.294 2.885 
002-3 172.0 15.0 7.0 0.0872093023256 0.0406976744186 7 0.0406976744186 333 13 89.9 0.578461 82.38 3.70412 4.04224 0.247387 15.667 8.769 
096-2 120.0 6.0 3.0 0.05 0.025 4 0.0333333333333 133 8 51.2 1.8525 36.38 2.59766 3.65585 0.273534 7.611 4.071 
096-1 139.0 19.0 2.0 0.136690647482 0.0143884892086 3 0.0215827338129 174 0 64.27 0 63.13 2.70733 2.75622 0.362816 10.667 6.867 
196-1 107.0 9.0 5.0 0.0841121495327 0.0467289719626 3 0.0280373831776 132 14 64.77 1.49286 43.87 2.03798 3.00889 0.332348 10.667 7.004 
158-0 171.0 13.0 4.0 0.0760233918129 0.0233918128655 9 0.0526315789474 207 1 60.56 0.32 60.24 3.42 3.44 0.291 10.333 6.708 
158-1 108.0 4.0 2.0 0.037037037037 0.0185185185185 9 0.0833333333333 171 6 65.01 0.463333 62.23 2.63 2.75 0.364 5.947 3.17 
158-2 94.0 7.0 5.0 0.0744680851064 0.0531914893617 9 0.0957446808511 100 0 45.84 0 45.84 2.18 2.18 0.458 6.062 2.384 
158-3 82.0 4.0 1.0 0.0487804878049 0.0121951219512 3 0.0365853658537 101 10 49.01 2.467 24.34 2.0608 4.14955 0.24099 9.667 0.471 
318-2 68.0 7.0 2.0 0.102941176471 0.0294117647059 0 0.0 84 4 24.2 1.125 19.7 3.47107 4.26396 0.234524 11.286 6.734 
318-0 104.0 5.0 1.0 0.0480769230769 0.00961538461538 0 0.0 109 11 62.67 0.583636 56.25 1.73927 1.93778 0.516055 12.3 7.281 
318-1 93.0 6.0 2.0 0.0645161290323 0.0215053763441 0 0.0 99 3 34.94 3.37333 24.82 2.83343 3.98872 0.250707 15.286 11.411 
150-0 95.0 10.0 0.0 0.105263157895 0.0 3 0.0315789473684 99 0 41.53 0 41.53 2.38382 2.38382 0.419495 10.636 6.4 
150-1 108.0 4.0 4.0 0.037037037037 0.037037037037 8 0.0740740740741 160 3 50.5 0.783334 48.15 3.16832 3.32295 0.300938 9.917 4.804 
150-2 144.0 14.0 5.0 0.0972222222222 0.0347222222222 8 0.0555555555556 189 10 61.34 1.083 50.51 3.08119 3.74183 0.267249 10.533 6.602 
182-3 66.0 5.0 3.0 0.0757575757576 0.0454545454545 1 0.0151515151515 62 12 39.75 1.94417 16.42 1.56 3.78 0.265 7.818 4.489 
128-1 235.0 24.0 6.0 0.102127659574 0.0255319148936 5 0.0212765957447 295 15 92.05 1.734 66.04 3.2 4.47 0.224 13.15 11.581 
661-0 109.0 8.0 2.0 0.0733944954128 0.0183486238532 7 0.0642201834862 140 8 52.47 1.6425 39.33 2.66819 3.55962 0.280929 10.25 3.443 
166-2 95.0 7.0 1.0 0.0736842105263 0.0105263157895 3 0.0315789473684 113 22 49.03 0.959545 27.92 2.30471 4.04728 0.24708 8.692 2.162 
166-1 160.0 12.0 7.0 0.075 0.04375 4 0.025 202 38 98.64 1.30658 48.99 2.04785 4.12329 0.242525 10.5 4.086 
166-0 38.0 3.0 1.0 0.0789473684211 0.0263157894737 0 0.0 55 2 21.18 0.895 19.39 2.6 2.84 0.353 9.6 3.826 
021-4 58.0 4.0 1.0 0.0689655172414 0.0172413793103 2 0.0344827586207 70 9 25.66 0.747778 18.93 2.72798 3.69783 0.270429 8.125 9.571 
143-3 77.0 6.0 2.0 0.0779220779221 0.025974025974 2 0.025974025974 89 6 32.34 1.68 22.26 2.75 4 0.25 12.429 10.595 
021-1 194.0 17.0 8.0 0.0876288659794 0.0412371134021 12 0.0618556701031 242 0 75.27 0 75.27 3.21509 3.21509 0.311033 17.083 16.085 
021-0 100.0 4.0 6.0 0.04 0.06 5 0.05 125 0 34.23 0 34.23 3.65177 3.65177 0.27384 9 4.813 
021-3 57.0 5.0 0.0 0.0877192982456 0.0 4 0.0701754385965 64 8 27 1.40625 15.75 2.37037 4.06349 0.246094 5.833 2.444 
021-2 49.0 1.0 0.0 0.0204081632653 0.0 2 0.0408163265306 69 5 28.95 1.802 19.94 2.38 3.46 0.289 8.25 3.192 
172-0 151.0 12.0 6.0 0.0794701986755 0.0397350993377 4 0.0264900662252 106 0 64.23 0 64.23 1.65032 1.65032 0.605943 10.588 5.605 
210-2 190.0 21.0 5.0 0.110526315789 0.0263157894737 6 0.0315789473684 242 26 94.3 1.26923 61.3 2.57 3.95 0.253 10.619 6.283 
210-1 179.0 16.0 8.0 0.0893854748603 0.0446927374302 7 0.0391061452514 235 13 83.75 1.16538 68.6 2.80597 3.42566 0.291915 9.227 5.46 
128-2 385.0 34.0 15.0 0.0883116883117 0.038961038961 15 0.038961038961 453 34 129.87 0.765588 103.84 3.49 4.36 0.229 15.179 10.258 

052-2 32.0 2.0 4.0 0.0625 0.125 0 0.0 54 0 26.13 0 26.13 2.07 2.07 0.484 10 4.528 
171-1 50.0 1.0 1.0 0.02 0.02 1 0.02 64 0 26.29 0 26.29 2.43 2.43 0.411 8.571 2.871 
052-0 84.0 12.0 2.0 0.142857142857 0.0238095238095 1 0.0119047619048 170 3 49.03 2.06 42.85 3.46726 3.96733 0.252059 9.091 4.1 
232-1 187.0 9.0 5.0 0.048128342246 0.0267379679144 9 0.048128342246 219 21 70.67 0.66381 56.73 3.09891 3.86039 0.259041 13.062 6.108 
298-1 93.0 9.0 1.0 0.0967741935484 0.010752688172 2 0.0215053763441 89 9 31.3 0.986667 22.42 2.84345 3.96967 0.25191 10.4 5.352 
132-0 94.0 5.0 3.0 0.0531914893617 0.031914893617 3 0.031914893617 52 0 50.85 0 50.85 1.02262 1.02262 0.977885 7.929 3.826 
132-1 76.0 8.0 1.0 0.105263157895 0.0131578947368 4 0.0526315789474 104 0 53.35 0 53.35 1.94939 1.94939 0.512981 8.455 2.996 
128-3 509.0 56.0 10.0 0.110019646365 0.0196463654224 12 0.0235756385069 596 35 161.34 0.930571 128.77 3.69406 4.62841 0.216057 16 11.786 
684-0 143.0 13.0 8.0 0.0909090909091 0.0559440559441 3 0.020979020979 174 24 87.93 1.73 46.41 1.97885 3.74919 0.266724 8.1 4.085 
208-0 79.0 2.0 4.0 0.0253164556962 0.0506329113924 1 0.0126582278481 97 0 58.76 0 58.76 1.65078 1.65078 0.605773 9.2 4.976 
208-1 73.0 6.0 0.0 0.0821917808219 0.0 1 0.013698630137 72 11 31.5 0.94 21.16 2.29 3.4 0.294 13.333 5.617 
208-2 121.0 8.0 3.0 0.0661157024793 0.0247933884298 1 0.00826446280992 149 13 72.76 0.626154 64.62 2.04783 2.30579 0.433691 8.667 4.093 
059-2 81.0 10.0 2.0 0.123456790123 0.0246913580247 0 0.0 91 12 42.03 1.25417 26.98 2.17 3.37 0.297 10.667 6.307 
059-3 81.0 7.0 3.0 0.0864197530864 0.037037037037 2 0.0246913580247 75 6 31.68 1.61667 21.98 2.37 3.41 0.293 10.556 1.641 

113-3 73.0 5.0 2.0 0.0684931506849 0.027397260274 2 0.027397260274 101 0 40.03 0 40.03 2.52311 2.52311 0.396337 10.25 2.727 
113-2 110.0 9.0 4.0 0.0818181818182 0.0363636363636 2 0.0181818181818 129 14 50.75 1.28571 32.75 2.54187 3.93893 0.253876 8.471 3.012 
113-1 81.0 9.0 2.0 0.111111111111 0.0246913580247 4 0.0493827160494 119 0 50.25 0 50.25 2.36816 2.36816 0.422269 7.692 4.231 
113-0 68.0 5.0 2.0 0.0735294117647 0.0294117647059 2 0.0294117647059 74 0 37.7 0 37.7 1.96286 1.96286 0.509459 7.545 3.23 
274-1 73.0 8.0 0.0 0.109589041096 0.0 3 0.041095890411 53 12 35.64 1.21583 21.05 1.49 2.52 0.397 10 3.428 
002-2 156.0 11.0 8.0 0.0705128205128 0.0512820512821 7 0.0448717948718 166 0 66.21 0 66.21 2.50717 2.50717 0.398855 11.188 6.023 
274-0 94.0 7.0 2.0 0.0744680851064 0.0212765957447 3 0.031914893617 84 7 37.82 1.71 25.85 2.22105 3.24952 0.307738 8 3.117 
227-0 85.0 10.0 1.0 0.117647058824 0.0117647058824 0 0.0 88 0 48.7 0 48.37 1.80698 1.81931 0.549659 5.389 3.217 
092-3 58.0 3.0 0.0 0.051724137931 0.0 0 0.0 65 5 25.13 1.348 18.39 2.59 3.53 0.283 8 3.018 
092-2 41.0 4.0 0.0 0.0975609756098 0.0 1 0.0243902439024 63 10 34.97 1.911 15.86 1.8 3.97 0.252 10 3.633 
092-1 90.0 7.0 3.0 0.0777777777778 0.0333333333333 1 0.0111111111111 207 0 52.12 0 52.12 3.9716 3.9716 0.251787 7.429 3.156 
092-0 64.0 5.0 1.0 0.078125 0.015625 1 0.015625 86 0 38.6 0 38.6 2.23 2.23 0.449 10.286 4.233 
274-2 80.0 2.0 2.0 0.025 0.025 4 0.05 98 6 29.54 0.928333 23.97 3.32 4.09 0.245 17.4 8.405 
627-0 72.0 5.0 3.0 0.0694444444444 0.0416666666667 7 0.0972222222222 82 10 36.35 1.331 23.04 2.25585 3.55903 0.280976 6.583 2.9 
121-4 230.0 25.0 10.0 0.108695652174 0.0434782608696 13 0.0565217391304 283 29 91.93 0.791724 68.97 3.07843 4.10323 0.24371 11.19 9.006 


121-2 223.0 21.0 6.0 0.0941704035874 0.0269058295964 11 0.0493273542601 249 28 91.63 0.821786 68.62 2.71745 3.62868 0.275582 10.6 4.532 
121-3 184.0 16.0 7.0 0.0869565217391 0.0380434782609 10 0.054347826087 220 15 72.85 0.998667 57.87 3.02 3.8 0.263 10.158 6.376 
322-1 90.0 3.0 1.0 0.0333333333333 0.0111111111111 1 0.0111111111111 122 15 56.31 1.70267 30.77 2.17 3.97 0.252 12 5.011 
322-2 68.0 7.0 2.0 0.102941176471 0.0294117647059 0 0.0 102 12 34.32 0.8075 24.63 2.97203 4.14129 0.241471 10.375 10.062 
340-0 132.0 13.0 7.0 0.0984848484848 0.0530303030303 4 0.030303030303 149 0 51.52 0 51.52 2.89 2.89 0.346 10.067 9.029 
243-1 163.0 10.0 3.0 0.0613496932515 0.0184049079755 10 0.0613496932515 215 0 78.22 0 78.22 2.75 2.75 0.364 10.188 3.909 
243-0 283.0 15.0 8.0 0.0530035335689 0.0282685512367 24 0.0848056537102 352 0 126.11 0 126.11 2.79121 2.79121 0.358267 13.636 7.649 
292-1 86.0 6.0 0.0 0.0697674418605 0.0 4 0.046511627907 95 11 53.43 2.83818 22.21 1.78 4.28 0.234 8.077 2.401 
248-1 146.0 13.0 4.0 0.0890410958904 0.027397260274 2 0.013698630137 210 21 82.3 0.572381 70.28 2.55164 2.98805 0.334667 14.833 8.84 
229-2 62.0 6.0 0.0 0.0967741935484 0.0 1 0.0161290322581 34 0 33.01 0 33.01 1.03 1.03 0.971 10.125 4.371 
209-1 82.0 6.0 3.0 0.0731707317073 0.0365853658537 3 0.0365853658537 99 6 32.81 0.89 27.47 3.01737 3.60393 0.277475 11.25 8.258 
612-0 109.0 10.0 3.0 0.0917431192661 0.0275229357798 2 0.0183486238532 139 17 62.57 1.67882 34.03 2.22151 4.08463 0.24482 11.727 5.118 
071-4 87.0 7.0 2.0 0.0804597701149 0.0229885057471 7 0.0804597701149 88 11 33.63 1.11091 21.41 2.61671 4.11023 0.243295 7.538 4.379 

071-2 107.0 7.0 4.0 0.0654205607477 0.0373831775701 9 0.0841121495327 116 19 48.44 0.708947 34.97 2.39472 3.31713 0.301466 5.136 2.361 
071-3 141.0 11.0 1.0 0.0780141843972 0.00709219858156 10 0.0709219858156 142 17 53.06 1.18353 32.94 2.67622 4.31087 0.231972 8.263 3.781 
071-0 88.0 9.0 2.0 0.102272727273 0.0227272727273 5 0.0568181818182 103 14 39.3 1.18714 22.68 2.62087 4.54145 0.220194 6 3.851 
071-1 77.0 8.0 4.0 0.103896103896 0.0519480519481 5 0.0649350649351 83 6 31.59 1.17833 24.52 2.62741 3.38499 0.295422 4.647 2.949 
209-3 174.0 17.0 0.0 0.0977011494253 0.0 6 0.0344827586207 160 34 116.57 1.98176 49.19 1.37257 3.25269 0.307437 9.476 5.877 
232-0 152.0 20.0 0.0 0.131578947368 0.0 10 0.0657894736842 167 10 70.15 2.155 48.6 2.38061 3.43621 0.291018 9.471 5.862 
225-2 148.0 10.0 7.0 0.0675675675676 0.0472972972973 9 0.0608108108108 321 45 129.3 1.178 76.29 2.48 4.21 0.238 10.533 6.531 
114-4 58.0 9.0 0.0 0.155172413793 0.0 1 0.0172413793103 84 6 28.72 1.11833 22.01 2.92479 3.81645 0.262024 6.4 3.262 
114-0 81.0 8.0 4.0 0.0987654320988 0.0493827160494 1 0.0123456790123 103 3 38.01 0.363333 36.92 2.70981 2.78982 0.358447 7.833 3.625 
114-1 59.0 4.0 1.0 0.0677966101695 0.0169491525424 1 0.0169491525424 83 0 31.17 0 31.17 2.66282 2.66282 0.375542 9.857 3.87 
114-2 49.0 4.0 1.0 0.0816326530612 0.0204081632653 3 0.0612244897959 71 0 42.75 0 42.75 1.66082 1.66082 0.602113 5.182 2.367 
114-3 48.0 5.0 0.0 0.104166666667 0.0 3 0.0625 60 6 42.43 3.93167 18.84 1.41409 3.18471 0.314 7.143 1.884 
225-0 190.0 15.0 6.0 0.0789473684211 0.0315789473684 10 0.0526315789474 260 0 105.68 0 105.68 2.46026 2.46026 0.406462 15.071 4.92 
295-0 61.0 6.0 3.0 0.0983606557377 0.0491803278689 6 0.0983606557377 75 7 24.35 0.925714 17.87 3.08008 4.19698 0.238267 7 3.317 
295-1 53.0 3.0 1.0 0.0566037735849 0.0188679245283 3 0.0566037735849 64 10 24.5 0.992 14.58 2.61 4.39 0.228 12 6.066 
017-4 258.0 24.0 6.0 0.093023255814 0.0232558139535 9 0.0348837209302 287 31 94.79 0.983548 64.3 3.02775 4.46345 0.224042 9.367 5.834 
139-3 43.0 2.0 5.0 0.046511627907 0.116279069767 1 0.0232558139535 59 5 15.59 0.59 12.64 3.78 4.67 0.214 10 5.177 
139-1 37.0 1.0 2.0 0.027027027027 0.0540540540541 2 0.0540540540541 48 5 24.72 1.772 15.86 1.94175 3.02648 0.330417 6.429 2.441 
139-0 105.0 17.0 5.0 0.161904761905 0.047619047619 2 0.0190476190476 152 0 74.13 0 74.13 2.05045 2.05045 0.487697 7.867 5.829 
709-0 84.0 8.0 2.0 0.0952380952381 0.0238095238095 4 0.047619047619 96 12 26.78 0.521667 20.52 3.58476 4.67836 0.21375 9.4 6.437 
124-1 136.0 7.0 5.0 0.0514705882353 0.0367647058824 3 0.0220588235294 185 0 133.32 0 133.32 1.39 1.39 0.721 6.652 5.28 

124-0 96.0 9.0 2.0 0.09375 0.0208333333333 1 0.0104166666667 139 0 71.73 0 71.73 1.93782 1.93782 0.516043 7.923 4.531 
141-2 100.0 7.0 2.0 0.07 0.02 5 0.05 106 18 52.93 1.54667 25.09 2 4.22 0.237 10.727 7.653 
141-3 89.0 16.0 6.0 0.179775280899 0.0674157303371 1 0.0112359550562 106 8 46.43 2.28 28.19 2.28301 3.7602 0.265943 6.412 4.615 
141-0 76.0 7.0 1.0 0.0921052631579 0.0131578947368 2 0.0263157894737 88 0 34.15 0 34.15 2.57687 2.57687 0.388068 7.818 4.589 
141-1 78.0 6.0 3.0 0.0769230769231 0.0384615384615 4 0.0512820512821 70 0 43.47 0 43.47 1.61 1.61 0.621 12.5 6.602 
146-1 116.0 12.0 1.0 0.103448275862 0.00862068965517 5 0.0431034482759 152 15 48.43 0.694667 38.01 3.13855 3.99895 0.250066 8.786 4.021 
267-2 116.0 9.0 3.0 0.0775862068966 0.0258620689655 8 0.0689655172414 131 15 52.12 1.38467 31.35 2.51 4.18 0.239 11.909 7.74 
105-2 129.0 15.0 5.0 0.116279069767 0.0387596899225 3 0.0232558139535 138 0 70.91 0 70.91 1.94613 1.94613 0.513841 10.083 5.139 
155-0 72.0 1.0 1.0 0.0138888888889 0.0138888888889 1 0.0138888888889 0 0 54.8 0 54.8 0 0 0 9.25 3.929 
105-0 175.0 15.0 3.0 0.0857142857143 0.0171428571429 10 0.0571428571429 0 0 70.18 0 70.18 0 0 0 15.583 11.871 
105-1 72.0 5.0 2.0 0.0694444444444 0.0277777777778 6 0.0833333333333 114 7 38.8 0.928571 32.3 2.93814 3.52941 0.283333 8.2 4.118 
296-1 157.0 4.0 6.0 0.0254777070064 0.0382165605096 4 0.0254777070064 197 26 80.08 1.29423 46.43 2.46004 4.24295 0.235685 11.467 7.365 
296-0 89.0 3.0 2.0 0.0337078651685 0.0224719101124 1 0.0112359550562 146 2 47.49 0.495 46.5 3.07 3.14 0.318 17.5 3.594 
296-2 139.0 4.0 2.0 0.0287769784173 0.0143884892086 5 0.0359712230216 186 29 87.74 1.37931 47.74 2.12 3.9 0.257 9.059 4.478 
691-0 178.0 23.0 11.0 0.129213483146 0.061797752809 4 0.0224719101124 199 18 63.79 1.18611 42.44 3.12 4.69 0.213 11.353 5.583 
006-2 97.0 8.0 2.0 0.0824742268041 0.020618556701 7 0.0721649484536 102 13 37.6 0.83 26.81 2.71277 3.80455 0.262843 7.929 1.58 
006-3 114.0 4.0 2.0 0.0350877192982 0.0175438596491 6 0.0526315789474 113 12 44.64 1.05083 32.03 2.53 3.53 0.283 13.2 4.142 
006-4 193.0 12.0 5.0 0.0621761658031 0.0259067357513 11 0.0569948186528 212 21 84.19 1.06429 61.84 2.51811 3.4282 0.291698 15.071 5.946 
054-0 121.0 11.0 2.0 0.0909090909091 0.0165289256198 3 0.0247933884298 0 0 72.6 0 72.6 0 0 0 10.071 3.845 
229-1 63.0 6.0 1.0 0.0952380952381 0.015873015873 1 0.015873015873 36 0 35.82 0 35.82 1.00503 1.00503 0.995 9.111 5.021 
336-1 105.0 12.0 4.0 0.114285714286 0.0380952380952 7 0.0666666666667 132 12 59.89 0.738333 51.03 2.20404 2.58671 0.386591 11.2 7.181 
022-2 77.0 5.0 1.0 0.0649350649351 0.012987012987 1 0.012987012987 135 15 46.3 0.988667 31.47 2.92 4.29 0.233 11.125 6.431 
022-0 91.0 9.0 1.0 0.0989010989011 0.010989010989 1 0.010989010989 118 2 48.87 4.055 40.76 2.41457 2.89499 0.345424 9.455 6.625 
022-1 76.0 7.0 2.0 0.0921052631579 0.0263157894737 0 0.0 66 0 38.2 0 38.2 1.72775 1.72775 0.578788 10.875 2.522 
302-0 41.0 5.0 0.0 0.121951219512 0.0 1 0.0243902439024 144 0 45.52 0 45.52 3.16 3.16 0.316 5.375 2.176 
248-2 87.0 6.0 0.0 0.0689655172414 0.0 2 0.0229885057471 97 13 39.18 0.927692 27.12 2.48 3.58 0.28 13.857 8.999 
267-0 135.0 7.0 3.0 0.0518518518519 0.0222222222222 3 0.0222222222222 169 0 50.18 0 50.18 3.37 3.37 0.297 20.857 12.206 
211-2 98.0 7.0 5.0 0.0714285714286 0.0510204081633 5 0.0510204081633 121 15 74.44 3.112 27.76 1.62547 4.35879 0.229421 9.083 6.278 
171-0 62.0 7.0 0.0 0.112903225806 0.0 2 0.0322580645161 73 0 36.62 0 36.62 1.99 1.99 0.502 7.889 3.414 
668-0 98.0 13.0 1.0 0.132653061224 0.0102040816327 6 0.0612244897959 124 6 51.01 2.36833 36.8 2.4309 3.36957 0.296774 9.417 2.564 
211-1 82.0 7.0 1.0 0.0853658536585 0.0121951219512 1 0.0121951219512 88 9 72.82 0.581111 67.59 1.20846 1.30197 0.768068 8.083 3.926 
167-2 71.0 4.0 3.0 0.056338028169 0.0422535211268 2 0.0281690140845 96 6 43.5 0.4 41.1 2.21 2.34 0.428 8.364 4.396 
167-3 218.0 19.0 3.0 0.0871559633028 0.0137614678899 20 0.0917431192661 0 0 73.69 0 73.69 0 0 0 10.2 3.932 
167-1 103.0 13.0 3.0 0.126213592233 0.0291262135922 2 0.0194174757282 137 11 36.28 0.670909 28.9 3.78 4.74 0.211 17.143 12.597 
142-1 62.0 5.0 2.0 0.0806451612903 0.0322580645161 3 0.0483870967742 87 10 34.68 0.986 24.82 2.50865 3.50524 0.285287 7.556 5.58 
129-1 67.0 2.0 2.0 0.0298507462687 0.0298507462687 2 0.0298507462687 89 8 26.17 0.9775 18.35 3.40084 4.85014 0.20618 13.2 12.189 
142-3 46.0 4.0 1.0 0.0869565217391 0.0217391304348 2 0.0434782608696 64 8 25.96 1.20625 16.31 2.46533 3.92397 0.254844 5.667 3.621 
255-1 62.0 10.0 3.0 0.161290322581 0.0483870967742 2 0.0322580645161 56 0 40.53 0 40.53 1.38 1.38 0.724 23.667 2.625 
013-2 67.0 2.0 1.0 0.0298507462687 0.0149253731343 2 0.0298507462687 94 0 48.91 0 48.91 1.92 1.92 0.52 6.769 2.86 
013-3 94.0 5.0 4.0 0.0531914893617 0.0425531914894 4 0.0425531914894 171 0 55.21 0 55.21 3.09726 3.09726 0.322865 8.769 3.042 
013-0 92.0 3.0 2.0 0.0326086956522 0.0217391304348 5 0.054347826087 104 0 46.91 0 46.91 2.22 2.22 0.451 8.538 2.818 
130-1 44.0 3.0 0.0 0.0681818181818 0.0 5 0.113636363636 28 3 24.27 1.72 19.11 1.15 1.46 0.683 9.8 3.816 
256-1 50.0 7.0 1.0 0.14 0.02 3 0.06 53 9 34.52 1.42111 21.73 1.54 2.44 0.41 6.875 2.147 
256-0 81.0 6.0 2.0 0.0740740740741 0.0246913580247 7 0.0864197530864 88 0 51.31 0 50.97 1.71507 1.72651 0.579205 8.182 5.844 
013-4 88.0 5.0 3.0 0.0568181818182 0.0340909090909 1 0.0113636363636 146 1 45.25 0.87 44.38 3.23 3.29 0.304 7.25 2.332 
256-2 183.0 16.0 5.0 0.0874316939891 0.0273224043716 10 0.0546448087432 189 0 65.34 0 65.34 2.89 2.89 0.346 9.227 4.41 
175-0 177.0 11.0 5.0 0.0621468926554 0.0282485875706 2 0.0112994350282 241 0 64.75 0 64.75 3.72 3.72 0.269 8.478 4.412 
242-2 219.0 20.0 2.0 0.0913242009132 0.00913242009132 9 0.041095890411 307 11 94.72 0.72 86.8 3.24113 3.53687 0.282736 9.192 6.995 
142-0 116.0 10.0 2.0 0.0862068965517 0.0172413793103 6 0.051724137931 57 0 55.79 0 55.79 1.02169 1.02169 0.978772 11.818 5.997 
145-3 172.0 12.0 7.0 0.0697674418605 0.0406976744186 4 0.0232558139535 198 15 68.61 1.02733 53.2 2.88588 3.7218 0.268687 13.067 12.63 
145-1 45.0 4.0 0.0 0.0888888888889 0.0 5 0.111111111111 146 0 45.87 0 45.87 3.18291 3.18291 0.314178 4.071 1.486 
255-0 82.0 11.0 2.0 0.134146341463 0.0243902439024 1 0.0121951219512 9 0 33.51 0 33.51 0.268577 0.268577 3.72333 12.5 9.097 
015-0 216.0 17.0 6.0 0.0787037037037 0.0277777777778 9 0.0416666666667 368 29 107.84 0.890345 82.02 3.41246 4.48671 0.22288 9.48 5.308 
015-1 182.0 14.0 6.0 0.0769230769231 0.032967032967 6 0.032967032967 189 0 95.5 0 95.5 1.98 1.98 0.505 11.056 4.994 
015-2 253.0 28.0 18.0 0.110671936759 0.0711462450593 5 0.0197628458498 352 16 91.16 1.16562 72.51 3.86134 4.8545 0.205994 10.462 8.247 
015-3 143.0 11.0 9.0 0.0769230769231 0.0629370629371 8 0.0559440559441 202 18 64.55 1.12667 44.27 3.12936 4.56291 0.219158 7.143 7.643 
015-4 158.0 10.0 9.0 0.0632911392405 0.0569620253165 3 0.0189873417722 205 12 70.78 1.67333 50.7 2.8963 4.04339 0.247317 9.053 5.395 
227-1 118.0 11.0 9.0 0.0932203389831 0.0762711864407 7 0.0593220338983 119 12 59.14 2.415 30.16 2.01217 3.94562 0.253445 8.176 5.404 
130-2 52.0 1.0 2.0 0.0192307692308 0.0384615384615 5 0.0961538461538 9 0 24.57 0 24.57 0.37 0.37 2.73 7 2.449 
323-0 141.0 13.0 2.0 0.0921985815603 0.0141843971631 4 0.0283687943262 196 28 86.01 1.25143 50.97 2.2788 3.8454 0.260051 6.762 3.987 
323-1 111.0 2.0 4.0 0.018018018018 0.036036036036 1 0.00900900900901 146 16 48.48 0.950625 33.27 3.01155 4.38834 0.227877 10.417 4.627 
130-3 60.0 4.0 0.0 0.0666666666667 0.0 6 0.1 57 6 24.24 1.16167 17.27 2.35 3.3 0.303 17.5 7.159 
175-3 68.0 5.0 4.0 0.0735294117647 0.0588235294118 4 0.0588235294118 107 0 47.1 0 47.1 2.27 2.27 0.44 11.5 4.924 
028-1 151.0 12.0 6.0 0.0794701986755 0.0397350993377 4 0.0264900662252 126 0 64.41 0 64.41 1.95622 1.95622 0.51119 8.8 4.468 
688-0 88.0 10.0 3.0 0.113636363636 0.0340909090909 4 0.0454545454545 123 16 43 0.78625 30.42 2.86047 4.04339 0.247317 9.364 5.661 
028-4 142.0 18.0 4.0 0.12676056338 0.0281690140845 1 0.00704225352113 160 19 63.28 1.25316 39.47 2.53 4.05 0.247 15.273 16.074 
248-0 118.0 13.0 0.0 0.110169491525 0.0 1 0.00847457627119 145 10 65.99 1.306 52.93 2.1973 2.73947 0.365034 9.8 6.306 
107-1 70.0 6.0 4.0 0.0857142857143 0.0571428571429 0 0.0 64 6 49.32 1.54167 40.07 1.3 1.6 0.626 9.5 6.652 
093-0 80.0 7.0 3.0 0.0875 0.0375 4 0.05 105 1 37.22 3.64 33.58 2.82106 3.12686 0.31981 5.05 2.692 
093-1 82.0 10.0 4.0 0.121951219512 0.0487804878049 3 0.0365853658537 69 0 26.44 0 26.44 2.61 2.61 0.383 10 10.296 
192-2 142.0 10.0 6.0 0.0704225352113 0.0422535211268 1 0.00704225352113 181 20 57.3 0.66 44.1 3.16 4.1 0.244 11.786 7.857 
042-2 83.0 6.0 4.0 0.0722891566265 0.0481927710843 8 0.0963855421687 73 16 44.19 1.12188 26.24 1.65 2.78 0.359 9.778 6.811 
192-0 52.0 6.0 1.0 0.115384615385 0.0192307692308 1 0.0192307692308 55 0 36.59 0 36.59 1.5 1.5 0.665 10.571 3.289 
140-0 161.0 24.0 3.0 0.149068322981 0.0186335403727 8 0.0496894409938 245 0 80.51 0 80.51 3.0431 3.0431 0.328612 10.471 6.175 
266-0 79.0 6.0 2.0 0.0759493670886 0.0253164556962 4 0.0506329113924 11 0 35.87 0 35.87 0.31 0.31 3.261 9.889 5.109 
266-1 49.0 4.0 1.0 0.0816326530612 0.0204081632653 4 0.0816326530612 68 0 42.86 0 42.86 1.58656 1.58656 0.630294 5.091 2.275 
266-2 160.0 13.0 5.0 0.08125 0.03125 5 0.03125 189 21 74.7 1.25381 48.37 2.53012 3.90738 0.255926 9.789 4.432 
280-0 119.0 9.0 4.0 0.0756302521008 0.0336134453782 1 0.00840336134454 136 0 68.85 0 68.85 1.97531 1.97531 0.50625 7.474 3.362 
280-1 51.0 4.0 5.0 0.078431372549 0.0980392156863 0 0.0 76 0 27.32 0 27.32 2.78 2.78 0.359 7.125 4.428 
280-2 80.0 9.0 3.0 0.1125 0.0375 3 0.0375 115 2 37.45 1.805 33.84 3.07076 3.39835 0.294261 8.455 2.742 
