005-2 25.0 1.0 2.0 0.04 0.08 1 0.04 43 0 24.97 0 24.97 1.72207 1.72207 0.580698 4.143 2.85 
642-0 91.0 15.0 1.0 0.164835164835 0.010989010989 6 0.0659340659341 103 16 44 1.17625 25.18 2.34091 4.09055 0.244466 7.214 3.949 
005-0 57.0 3.0 1.0 0.0526315789474 0.0175438596491 4 0.0701754385965 127 6 70.72 1.255 63.19 1.79581 2.00981 0.497559 7 3.266 
356-0 76.0 8.0 2.0 0.105263157895 0.0263157894737 5 0.0657894736842 88 12 49.82 2.29167 22.32 1.76636 3.94265 0.253636 6.615 3.127 
356-1 71.0 7.0 2.0 0.0985915492958 0.0281690140845 3 0.0422535211268 77 10 31.52 1.313 18.39 2.44 4.19 0.239 5.917 4.092 
635-0 49.0 3.0 1.0 0.0612244897959 0.0204081632653 2 0.0408163265306 65 16 74.59 3.58563 17.22 0.87143 3.77468 0.264923 10.2 3.763 
257-0 162.0 11.0 6.0 0.0679012345679 0.037037037037 11 0.0679012345679 196 14 74.38 0.555714 66.6 2.63512 2.94294 0.339796 9.2 6.12 
007-1 109.0 7.0 2.0 0.0642201834862 0.0183486238532 4 0.0366972477064 102 0 46.06 0 46.06 2.2145 2.2145 0.451569 10.167 4.506 
007-3 90.0 6.0 1.0 0.0666666666667 0.0111111111111 3 0.0333333333333 104 0 43.04 0 40.53 2.41636 2.566 0.389712 11.556 4.764 
355-0 94.0 3.0 0.0 0.031914893617 0.0 2 0.0212765957447 110 11 35.89 0.871818 26.3 3.06492 4.18251 0.239091 9.5 4.072 
157-2 109.0 20.0 1.0 0.183486238532 0.00917431192661 2 0.0183486238532 129 0 35.66 0 35.66 3.6175 3.6175 0.276434 12.2 5.363 
157-1 396.0 52.0 21.0 0.131313131313 0.0530303030303 15 0.0378787878788 452 11 150.36 0.551819 144.29 3.00612 3.13258 0.319226 13.097 8.449 
157-0 110.0 16.0 4.0 0.145454545455 0.0363636363636 1 0.00909090909091 71 0 54.41 0 31.46 1.30491 2.25683 0.443099 8.846 3.738 
562-0 83.0 11.0 1.0 0.132530120482 0.0120481927711 7 0.0843373493976 96 12 44.66 1.795 23.12 2.14957 4.15225 0.240833 7.333 2.953 
591-0 131.0 16.0 8.0 0.12213740458 0.0610687022901 9 0.0687022900763 181 26 77.27 1.24846 44.81 2.34244 4.03928 0.247569 9.769 6.339 
046-0 77.0 8.0 3.0 0.103896103896 0.038961038961 3 0.038961038961 91 0 49.06 0 48.71 1.85487 1.8682 0.535275 6.167 3.891 
046-2 51.0 5.0 2.0 0.0980392156863 0.0392156862745 1 0.0196078431373 202 8 74.92 1.16375 65.61 2.69621 3.0788 0.324802 4.143 2.587 
506-0 56.0 4.0 0.0 0.0714285714286 0.0 4 0.0714285714286 87 0 47.08 0 47.08 1.84792 1.84792 0.541149 6.778 2.393 
148-0 58.0 7.0 0.0 0.120689655172 0.0 4 0.0689655172414 69 0 49.63 0 49.63 1.39029 1.39029 0.719275 6.444 1.343 
639-0 51.0 2.0 0.0 0.0392156862745 0.0 0 0.0 62 10 34.36 1.712 17.24 1.80442 3.59629 0.278065 9.286 3.326 
601-0 59.0 3.0 0.0 0.0508474576271 0.0 1 0.0169491525424 80 5 28.53 2.188 17.59 2.8 4.55 0.22 14.2 4.75 
349-0 82.0 8.0 0.0 0.0975609756098 0.0 3 0.0365853658537 69 3 70.27 0.906667 67.55 0.981927 1.02147 0.978986 9.182 3.688 
349-1 83.0 10.0 1.0 0.120481927711 0.0120481927711 3 0.0361445783133 104 18 55.48 1.62444 26.24 1.87455 3.96341 0.252308 6.118 2.867 
695-0 78.0 6.0 1.0 0.0769230769231 0.0128205128205 5 0.0641025641026 94 15 54.25 1.76267 27.81 1.73272 3.38008 0.295851 8.4 3.72 
650-0 162.0 20.0 4.0 0.123456790123 0.0246913580247 17 0.104938271605 257 24 98.07 1.31542 66.5 2.62058 3.86466 0.258755 8.706 4.824 
181-2 42.0 4.0 0.0 0.0952380952381 0.0 4 0.0952380952381 49 5 33.51 4.316 11.93 1.46225 4.10729 0.243469 7 3.854 
181-3 98.0 8.0 2.0 0.0816326530612 0.0204081632653 9 0.0918367346939 207 9 49.95 1.26111 38.6 4.14414 5.36269 0.186473 9.077 5.076 
181-0 47.0 2.0 0.0 0.0425531914894 0.0 4 0.0851063829787 83 0 50.03 0 50.03 1.659 1.659 0.602771 7.625 2.913 
181-1 119.0 12.0 5.0 0.100840336134 0.0420168067227 3 0.0252100840336 126 0 41.75 0 41.75 3.01796 3.01796 0.331349 9.571 4.836 
178-0 47.0 2.0 0.0 0.0425531914894 0.0 5 0.106382978723 70 0 71.27 0 71.27 0.98 0.98 1.018 6.667 2.749 
178-1 61.0 2.0 0.0 0.0327868852459 0.0 14 0.229508196721 348 58 198.77 0.756207 154.91 1.75077 2.24647 0.445144 4.917 2.216 
154-0 121.0 12.0 2.0 0.099173553719 0.0165289256198 7 0.0578512396694 172 0 83.1 0 83.1 2.0698 2.0698 0.48314 9.667 5.297 
154-1 62.0 10.0 0.0 0.161290322581 0.0 9 0.145161290323 108 1 64.97 14.98 49.99 1.66231 2.16043 0.46287 9 3.082 
508-1 120.0 11.0 3.0 0.0916666666667 0.025 10 0.0833333333333 124 18 54.94 1.02833 36.43 2.25701 3.40379 0.29379 7.062 4.175 
014-2 126.0 18.0 1.0 0.142857142857 0.00793650793651 1 0.00793650793651 205 3 82.33 0.973333 79.41 2.48998 2.58154 0.387366 8.533 3.721 
450-1 75.0 9.0 1.0 0.12 0.0133333333333 6 0.08 93 7 37.69 2.11286 22.9 2.4675 4.06114 0.246237 12.857 6.937 
450-0 98.0 7.0 3.0 0.0714285714286 0.030612244898 3 0.030612244898 113 11 62.5 2.95182 30.03 1.808 3.7629 0.265752 10 5.462 
207-0 342.0 43.0 6.0 0.125730994152 0.0175438596491 26 0.0760233918129 385 38 164.84 1.57579 104.96 2.3356 3.66806 0.272623 5.059 3.819 
183-2 51.0 1.0 0.0 0.0196078431373 0.0 4 0.078431372549 67 6 32.91 1.75833 22.36 2.03586 2.99642 0.333731 7.571 3.458 
355-1 114.0 9.0 0.0 0.0789473684211 0.0 9 0.0789473684211 118 9 52.2 1.97333 34.44 2.26054 3.42625 0.291864 8.571 4.419 
581-0 143.0 10.0 1.0 0.0699300699301 0.00699300699301 12 0.0839160839161 146 20 75.7 1.7625 40.45 1.92867 3.60939 0.277055 16 10.296 
381-0 64.0 6.0 1.0 0.09375 0.015625 2 0.03125 98 0 37.89 0 37.89 2.58643 2.58643 0.386633 7.182 2.757 
497-0 137.0 10.0 6.0 0.0729927007299 0.043795620438 20 0.14598540146 173 0 59.49 0 59.49 2.90805 2.90805 0.343873 8.5 3.698 

595-0 91.0 4.0 0.0 0.043956043956 0.0 7 0.0769230769231 0 0 49.94 0 49.94 0 0 0 7.615 3.454 
381-1 97.0 9.0 0.0 0.0927835051546 0.0 18 0.185567010309 127 14 47.49 1.11786 31.84 2.67425 3.98869 0.250709 10.25 5.19 

342-0 107.0 12.0 5.0 0.11214953271 0.0467289719626 9 0.0841121495327 147 14 64.87 2.38429 31.49 2.26607 4.66815 0.214218 7.188 3.486 
651-0 32.0 1.0 0.0 0.03125 0.0 3 0.09375 72 9 50.92 2.29111 30.3 1.41398 2.37624 0.420833 5.8 4.4 
070-2 53.0 5.0 0.0 0.0943396226415 0.0 1 0.0188679245283 158 11 80.91 2.40727 54.43 1.95279 2.90281 0.344494 6.222 3.189 
218-1 68.0 11.0 1.0 0.161764705882 0.0147058823529 4 0.0588235294118 108 17 58.52 1.68529 29.87 1.84552 3.61567 0.276574 3.056 2.635 
218-0 110.0 17.0 0.0 0.154545454545 0.0 5 0.0454545454545 160 0 63.88 0 63.88 2.5047 2.5047 0.39925 6.286 4.542 
001-2 150.0 14.0 2.0 0.0933333333333 0.0133333333333 21 0.14 178 18 65.49 0.956667 48.27 2.71797 3.68759 0.27118 9.769 5.086 
001-0 94.0 7.0 2.0 0.0744680851064 0.0212765957447 5 0.0531914893617 121 2 41.69 0.66 40.37 2.90237 2.99728 0.333636 9.1 4.888 
293-1 50.0 7.0 2.0 0.14 0.04 0 0.0 66 0 48.83 0 48.83 1.35163 1.35163 0.739848 4.214 1.655 
592-0 108.0 2.0 0.0 0.0185185185185 0.0 6 0.0555555555556 0 0 73.24 0 73.24 0 0 0 9.846 6.479 
539-0 208.0 23.0 3.0 0.110576923077 0.0144230769231 24 0.115384615385 263 0 100.58 0 100.58 2.61483 2.61483 0.382433 8.35 5.642 
203-1 72.0 3.0 1.0 0.0416666666667 0.0138888888889 11 0.152777777778 88 36 90.22 1.41389 39.32 0.975393 2.23805 0.446818 6.2 2.135 
329-0 209.0 29.0 10.0 0.138755980861 0.0478468899522 9 0.0430622009569 215 22 121.75 2.83273 59.43 1.76591 3.6177 0.276419 8.423 5.963 
089-0 155.0 15.0 7.0 0.0967741935484 0.0451612903226 0 0.0 295 0 91.33 0 91.33 3.23004 3.23004 0.309593 9.778 3.895 
310-0 73.0 2.0 2.0 0.027397260274 0.027397260274 2 0.027397260274 70 1 37.47 0.59 36.88 1.86816 1.89805 0.526857 6.7 2.648 
018-0 271.0 36.0 2.0 0.132841328413 0.00738007380074 45 0.166051660517 429 21 176.66 0.943333 156.85 2.42839 2.7351 0.365618 9.389 4.844 
023-0 87.0 10.0 4.0 0.114942528736 0.0459770114943 3 0.0344827586207 175 0 82.33 0 82.33 2.12559 2.12559 0.470457 10 4.919 

344-2 141.0 11.0 3.0 0.0780141843972 0.0212765957447 9 0.063829787234 156 21 76.74 1.75476 39.89 2.03284 3.91075 0.255705 10.643 5.851 
527-0 107.0 18.0 0.0 0.168224299065 0.0 4 0.0373831775701 119 21 63.51 1.70333 27.74 1.87372 4.28983 0.233109 11.364 3.961 
051-0 95.0 8.0 2.0 0.0842105263158 0.0210526315789 4 0.0421052631579 49 20 49.5 1.8445 12.61 0.989899 3.8858 0.257347 7.5 3.978 
051-1 72.0 10.0 0.0 0.138888888889 0.0 4 0.0555555555556 0 0 54.28 0 54.28 0 0 0 6.636 4.848 
051-2 223.0 34.0 6.0 0.152466367713 0.0269058295964 14 0.0627802690583 229 0 118.13 0 118.13 1.93854 1.93854 0.515852 9 6.393 
051-3 181.0 17.0 3.0 0.0939226519337 0.0165745856354 12 0.0662983425414 236 47 96.94 0.915745 53.9 2.4345 4.37848 0.22839 7.333 3.21 
610-0 66.0 3.0 3.0 0.0454545454545 0.0454545454545 1 0.0151515151515 102 12 42.77 1.61917 23.34 2.38485 4.37018 0.228824 8.25 4.38 
458-0 76.0 5.0 0.0 0.0657894736842 0.0 5 0.0657894736842 103 7 32.1 1.43286 22.07 3.20872 4.66697 0.214272 6.75 4.225 
268-0 295.0 40.0 9.0 0.135593220339 0.0305084745763 7 0.0237288135593 279 0 217.21 0 217.21 1.28447 1.28447 0.77853 11.885 8.648 
247-0 107.0 17.0 1.0 0.158878504673 0.00934579439252 0 0.0 108 0 86.25 0 86.25 1.25217 1.25217 0.798611 9.7 5.367 
226-0 119.0 19.0 1.0 0.159663865546 0.00840336134454 4 0.0336134453782 135 2 49.85 0.775 48.3 2.70812 2.79503 0.357778 7.75 3.579 
493-0 152.0 22.0 2.0 0.144736842105 0.0131578947368 3 0.0197368421053 205 1 73.22 6.68 66.54 2.79978 3.08085 0.324585 8.55 3.956 
493-1 128.0 21.0 1.0 0.1640625 0.0078125 3 0.0234375 139 22 56.1 0.848636 37.43 2.48 3.71 0.269 7.667 3.697 
690-0 90.0 13.0 3.0 0.144444444444 0.0333333333333 12 0.133333333333 118 16 51.25 1.3625 29.45 2.30244 4.00679 0.249576 11.143 4.911 
319-0 120.0 32.0 3.0 0.266666666667 0.025 0 0.0 140 0 67.34 0 66.95 2.079 2.09111 0.478214 7.692 3.582 
203-0 114.0 13.0 0.0 0.114035087719 0.0 6 0.0526315789474 58 0 93.95 0 93.95 0.61735 0.61735 1.61983 7.769 3.423 
461-0 119.0 6.0 0.0 0.0504201680672 0.0 2 0.0168067226891 156 9 80.38 1.61889 65.81 1.94078 2.37046 0.421859 7 3.92 
369-0 102.0 13.0 1.0 0.127450980392 0.00980392156863 13 0.127450980392 169 0 105.27 0 105.27 1.6054 1.6054 0.622899 9.556 5.756 
360-0 65.0 7.0 2.0 0.107692307692 0.0307692307692 3 0.0461538461538 82 0 30.67 0 30.67 2.67362 2.67362 0.374024 8.2 3.995 
648-0 66.0 7.0 0.0 0.106060606061 0.0 3 0.0454545454545 157 0 44.71 0 44.71 3.51152 3.51152 0.284777 6.273 5.171 
144-1 145.0 17.0 4.0 0.11724137931 0.0275862068966 3 0.0206896551724 184 8 52.57 0.605 47.73 3.5001 3.85502 0.259402 12.917 5.837 
144-0 145.0 23.0 6.0 0.158620689655 0.0413793103448 2 0.0137931034483 171 0 47.42 0 47.42 3.60607 3.60607 0.27731 12.538 8.464 
276-0 156.0 23.0 2.0 0.147435897436 0.0128205128205 6 0.0384615384615 260 18 111.1 0.752778 97.55 2.34023 2.6653 0.375192 6.923 5.232 
657-0 38.0 3.0 0.0 0.0789473684211 0.0 0 0.0 36 4 19.51 2.445 9.73 1.84521 3.6999 0.270278 7.429 1.591 
213-1 121.0 25.0 0.0 0.206611570248 0.0 5 0.0413223140496 125 0 71.13 0 71.13 1.75735 1.75735 0.56904 8.188 4.216 
213-2 112.0 22.0 3.0 0.196428571429 0.0267857142857 3 0.0267857142857 123 10 60.52 2.635 34.17 2.03239 3.59965 0.277805 6.526 4.044 
213-3 63.0 9.0 4.0 0.142857142857 0.0634920634921 1 0.015873015873 215 18 114.07 1.83222 81.09 1.88481 2.65138 0.377163 6.333 5.022 
526-1 169.0 27.0 7.0 0.159763313609 0.0414201183432 14 0.0828402366864 188 25 62.48 0.896 40.08 3.00896 4.69062 0.213191 12.231 5.659 
222-0 104.0 13.0 3.0 0.125 0.0288461538462 6 0.0576923076923 136 0 61.97 0 61.97 2.19461 2.19461 0.455662 10.7 3.348 
222-1 126.0 22.0 3.0 0.174603174603 0.0238095238095 5 0.0396825396825 149 12 99.98 0.514167 93.81 1.4903 1.58832 0.629597 8 5.808 
066-0 117.0 16.0 1.0 0.136752136752 0.00854700854701 6 0.0512820512821 104 1 53.83 5.42 48.41 1.93201 2.14832 0.465481 12.364 6.582 
235-0 196.0 30.0 6.0 0.15306122449 0.030612244898 14 0.0714285714286 239 29 123.65 1.22448 88.14 1.93288 2.7116 0.368787 12.143 6.906 
339-0 75.0 1.0 3.0 0.0133333333333 0.04 6 0.08 82 13 48.4 2.18 20.06 1.69421 4.08774 0.244634 5.833 2.609 
235-2 116.0 6.0 5.0 0.051724137931 0.0431034482759 8 0.0689655172414 132 25 73.84 1.5768 34.42 1.79 3.84 0.261 9.364 4.558 
190-1 61.0 7.0 1.0 0.114754098361 0.016393442623 0 0.0 69 7 30.69 1.73 18.59 2.25 3.71 0.269 13.667 8.957 
190-2 61.0 6.0 1.0 0.0983606557377 0.016393442623 1 0.016393442623 108 16 59.65 1.27 39.3 1.81 2.75 0.364 12.167 3.716 
368-0 69.0 8.0 0.0 0.115942028986 0.0 0 0.0 74 0 43.75 0 42.75 1.69143 1.73099 0.577703 6.909 4.033 
029-1 301.0 35.0 7.0 0.116279069767 0.0232558139535 20 0.0664451827243 0 0 125.7 0 125.7 0 0 0 12.042 7.624 
029-0 129.0 14.0 3.0 0.108527131783 0.0232558139535 5 0.0387596899225 185 0 73.08 0 73.08 2.53147 2.53147 0.395027 10.071 3.127 
325-0 77.0 6.0 3.0 0.0779220779221 0.038961038961 3 0.038961038961 84 9 39.8 2.13333 20.6 2.11055 4.07767 0.245238 10.75 2.332 
325-1 54.0 4.0 2.0 0.0740740740741 0.037037037037 3 0.0555555555556 77 0 29.92 0 29.92 2.57353 2.57353 0.388571 8.429 4.625 
702-0 51.0 4.0 3.0 0.078431372549 0.0588235294118 3 0.0588235294118 92 0 25.6 0 25.6 3.59 3.59 0.278 8.571 2.665 
091-0 91.0 5.0 1.0 0.0549450549451 0.010989010989 2 0.021978021978 134 9 50.78 2.58556 27.51 2.63883 4.87096 0.205299 12.25 6.685 
091-1 69.0 2.0 0.0 0.0289855072464 0.0 1 0.0144927536232 88 0 38.55 0 38.55 2.28275 2.28275 0.438068 9.556 3.131 
122-1 83.0 7.0 3.0 0.0843373493976 0.0361445783133 4 0.0481927710843 184 0 81.76 0 81.76 2.25049 2.25049 0.444348 9.5 3.828 
122-0 86.0 8.0 1.0 0.093023255814 0.0116279069767 4 0.046511627907 232 0 55.42 0 55.42 4.18621 4.18621 0.238879 11.125 6.254 
620-0 111.0 11.0 2.0 0.0990990990991 0.018018018018 1 0.00900900900901 130 12 56.57 1.98 32.81 2.29804 3.96221 0.252385 8.706 3.044 
551-0 135.0 25.0 0.0 0.185185185185 0.0 3 0.0222222222222 142 12 62.1 2.25583 35.03 2.28663 4.05367 0.24669 7.15 3.915 
472-0 50.0 3.0 1.0 0.06 0.02 1 0.02 67 4 66.49 2.005 58.47 1.00767 1.14589 0.872687 13.75 8.584 
282-2 127.0 9.0 6.0 0.0708661417323 0.0472440944882 1 0.00787401574803 187 2 55.05 0.505 54.04 3.4 3.46 0.289 16.111 6.624 
282-0 108.0 10.0 3.0 0.0925925925926 0.0277777777778 1 0.00925925925926 99 0 60.17 0 60.17 1.65 1.65 0.608 9.917 3.148 
282-1 103.0 8.0 2.0 0.0776699029126 0.0194174757282 6 0.0582524271845 137 0 50.83 0 50.83 2.7 2.7 0.371 8.462 2.308 
563-0 93.0 9.0 2.0 0.0967741935484 0.0215053763441 7 0.0752688172043 120 12 55.6 1.9025 32.77 2.15827 3.66189 0.273083 8.6 6.406 
358-0 75.0 4.0 3.0 0.0533333333333 0.04 8 0.106666666667 104 12 35.61 0.7825 26.22 2.92053 3.96644 0.252115 7.8 3.736 
358-1 116.0 9.0 4.0 0.0775862068966 0.0344827586207 33 0.284482758621 174 26 74.64 1.13 45.26 2.33119 3.84445 0.260115 6.214 3.895 
049-1 113.0 14.0 3.0 0.12389380531 0.0265486725664 2 0.0176991150442 119 0 47.75 0 47.75 2.49215 2.49215 0.40126 8 4.192 
049-0 100.0 15.0 2.0 0.15 0.02 6 0.06 121 0 49.31 0 49.31 2.45386 2.45386 0.407521 7.267 3.732 
640-0 55.0 4.0 3.0 0.0727272727273 0.0545454545455 1 0.0181818181818 70 1 26.12 0.35 25.77 2.68 2.72 0.368 10.167 4.45 
488-0 62.0 6.0 1.0 0.0967741935484 0.0161290322581 1 0.0161290322581 67 0 24.42 0 24.42 2.74365 2.74365 0.364478 10.429 4.777 
023-2 93.0 14.0 6.0 0.150537634409 0.0645161290323 1 0.010752688172 140 6 83.17 1.02667 77.01 1.6833 1.81795 0.550071 7.083 3.378 
003-0 209.0 29.0 1.0 0.138755980861 0.00478468899522 10 0.0478468899522 585 10 224.79 0.971001 215.08 2.60243 2.71992 0.367658 9 6.269 
676-0 48.0 6.0 0.0 0.125 0.0 0 0.0 44 5 20.74 1.412 13.68 2.1215 3.21637 0.310909 11.8 7.359 
076-0 224.0 36.0 4.0 0.160714285714 0.0178571428571 12 0.0535714285714 35 0 74.69 0 74.69 0.468604 0.468604 2.134 15 5.679 
076-2 280.0 52.0 10.0 0.185714285714 0.0357142857143 18 0.0642857142857 278 14 78.18 0.630714 69.35 3.5559 4.00865 0.24946 11.25 6.706 
076-4 123.0 25.0 5.0 0.20325203252 0.0406504065041 7 0.0569105691057 163 13 54.53 1.26692 38.06 2.98918 4.28271 0.233497 11 7.699 
035-0 97.0 18.0 0.0 0.185567010309 0.0 9 0.0927835051546 189 0 72.14 0 72.14 2.62 2.62 0.382 9.182 7.918 
035-1 107.0 10.0 5.0 0.0934579439252 0.0467289719626 6 0.0560747663551 159 0 72.62 0 72.62 2.19 2.19 0.457 9.818 8.343 
264-0 118.0 16.0 4.0 0.135593220339 0.0338983050847 6 0.0508474576271 133 21 87.98 1.73667 51.51 1.51171 2.58202 0.387293 7.812 4.72 
271-2 44.0 3.0 1.0 0.0681818181818 0.0227272727273 0 0.0 57 6 26.95 1.94833 15.26 2.11503 3.73526 0.267719 17.333 10.339 
350-1 164.0 16.0 6.0 0.0975609756098 0.0365853658537 5 0.030487804878 213 17 72.48 1.42706 48.22 2.93874 4.41725 0.226385 6.423 3.128 
357-0 110.0 9.0 0.0 0.0818181818182 0.0 5 0.0454545454545 204 9 70.97 0.666667 64.97 2.87 3.14 0.318 7.812 4.019 
466-0 90.0 3.0 1.0 0.0333333333333 0.0111111111111 13 0.144444444444 123 24 74.9 1.67458 34.71 1.64 3.54 0.282 9.444 3.745 
466-1 40.0 3.0 1.0 0.075 0.025 5 0.125 52 9 39.54 1.94667 22.02 1.31512 2.36149 0.423462 7.5 3.5 
615-0 56.0 7.0 1.0 0.125 0.0178571428571 2 0.0357142857143 70 1 22.71 0.4 22.31 3.08 3.14 0.319 8.167 2.609 
609-0 64.0 7.0 0.0 0.109375 0.0 3 0.046875 79 17 69.26 2.73 22.85 1.14063 3.45733 0.289241 7.5 2.693 
698-0 80.0 6.0 2.0 0.075 0.025 3 0.0375 110 15 68.23 2.76533 26.75 1.61219 4.11215 0.243182 8.727 3.595 
087-1 77.0 16.0 1.0 0.207792207792 0.012987012987 2 0.025974025974 106 0 54.12 0 54.12 1.95861 1.95861 0.510566 6.545 5.194 
269-1 143.0 24.0 2.0 0.167832167832 0.013986013986 19 0.132867132867 220 2 84.91 1.655 81.6 2.59098 2.69608 0.370909 9.923 7.322 
362-1 80.0 9.0 4.0 0.1125 0.05 6 0.075 87 13 28.9 0.772308 18.86 3.01038 4.61294 0.216782 8.5 7.228 
183-0 31.0 3.0 0.0 0.0967741935484 0.0 0 0.0 38 0 39.05 0 39.05 0.973111 0.973111 1.02763 6 1.852 
183-1 50.0 4.0 0.0 0.08 0.0 3 0.06 62 11 39.55 1.62182 21.71 1.56764 2.85583 0.350161 6.556 2.217 
134-0 97.0 8.0 3.0 0.0824742268041 0.0309278350515 2 0.020618556701 176 0 57.05 0 57.05 3.08 3.08 0.324 14 5.979 
134-1 49.0 4.0 2.0 0.0816326530612 0.0408163265306 3 0.0612244897959 99 0 35.62 0 35.62 2.77934 2.77934 0.359798 15.667 7.542 
010-1 194.0 17.0 6.0 0.0876288659794 0.0309278350515 1 0.00515463917526 212 0 68.94 0 68.94 3.07514 3.07514 0.325189 8.455 4.943 
058-4 98.0 12.0 0.0 0.122448979592 0.0 5 0.0510204081633 113 12 47.7 1.4125 30.75 2.37 3.67 0.272 21.6 13.705 
010-3 164.0 8.0 5.0 0.0487804878049 0.030487804878 7 0.0426829268293 151 19 54.12 1.01105 34.91 2.79 4.32 0.231 10.529 6.87 
010-2 254.0 26.0 5.0 0.102362204724 0.0196850393701 8 0.0314960629921 283 29 101.12 0.844483 76.63 2.79866 3.69307 0.270777 8.968 6.483 
058-1 146.0 9.0 4.0 0.0616438356164 0.027397260274 12 0.0821917808219 163 0 101.18 0 101.18 1.61 1.61 0.621 9.357 4.775 
058-0 85.0 5.0 2.0 0.0588235294118 0.0235294117647 2 0.0235294117647 159 0 51.35 0 51.35 3.0964 3.0964 0.322956 10.222 9.271 
058-3 60.0 5.0 2.0 0.0833333333333 0.0333333333333 3 0.05 81 0 35.97 0 35.97 2.25 2.25 0.444 14 6.633 
350-0 166.0 18.0 3.0 0.10843373494 0.0180722891566 2 0.0120481927711 216 18 72 1.23611 49.75 3 4.34171 0.230324 8.348 4.135 
206-0 247.0 19.0 6.0 0.0769230769231 0.0242914979757 7 0.0283400809717 319 0 108.47 0 108.47 2.94091 2.94091 0.340031 9.741 5.282 
311-0 29.0 1.0 0.0 0.0344827586207 0.0 1 0.0344827586207 39 0 38.44 0 38.44 1.01457 1.01457 0.985641 4.429 2.921 
057-2 179.0 30.0 2.0 0.167597765363 0.0111731843575 14 0.0782122905028 85 0 119.61 0 119.61 0.71 0.71 1.407 7.913 4.781 
057-0 108.0 12.0 3.0 0.111111111111 0.0277777777778 11 0.101851851852 149 0 75.06 0 75.06 1.99 1.99 0.504 9.167 6.121 
057-1 120.0 10.0 4.0 0.0833333333333 0.0333333333333 13 0.108333333333 182 0 101.12 0 100.03 1.79984 1.81945 0.549615 7.643 3.393 
559-0 72.0 3.0 2.0 0.0416666666667 0.0277777777778 9 0.125 79 12 43.72 1.94667 20.36 1.80695 3.88016 0.257722 10.571 6.344 
184-2 75.0 6.0 1.0 0.08 0.0133333333333 5 0.0666666666667 88 17 46.35 1.39 22.78 1.9 3.86 0.259 14.333 7.909 
184-1 205.0 36.0 4.0 0.175609756098 0.019512195122 6 0.0292682926829 245 0 89.36 0 89.36 2.74172 2.74172 0.364735 14.5 8.667 
184-0 87.0 7.0 4.0 0.0804597701149 0.0459770114943 1 0.0114942528736 95 0 47.43 0 47.43 2 2 0.499 9.9 3.419 
244-0 248.0 20.0 11.0 0.0806451612903 0.0443548387097 10 0.0403225806452 281 41 179.4 2.18317 89.89 1.56633 3.12604 0.319893 8.96 3.594 
043-0 86.0 8.0 2.0 0.093023255814 0.0232558139535 2 0.0232558139535 116 0 72.4 0 72.4 1.60221 1.60221 0.624138 7.833 4.017 
343-0 79.0 11.0 3.0 0.139240506329 0.0379746835443 6 0.0759493670886 85 7 40.46 1.83714 27.6 2.10084 3.07971 0.324706 5.571 3.375 
362-0 70.0 8.0 1.0 0.114285714286 0.0142857142857 4 0.0571428571429 69 7 32.2 0.712857 27.21 2.14286 2.53583 0.394348 5.909 5.68 

289-2 76.0 9.0 1.0 0.118421052632 0.0131578947368 5 0.0657894736842 95 14 33 0.947857 19.73 2.88 4.81 0.208 10.25 5.739 
598-0 47.0 5.0 1.0 0.106382978723 0.0212765957447 0 0.0 58 4 28.34 2.985 16.4 2.04658 3.53659 0.282759 8.714 4.527 
257-2 163.0 27.0 2.0 0.165644171779 0.0122699386503 6 0.0368098159509 189 14 82.46 0.837857 70.73 2.29202 2.67213 0.374233 7.24 3.993 
097-1 40.0 5.0 1.0 0.125 0.025 0 0.0 62 0 24.37 0 24.37 2.54411 2.54411 0.393065 6.714 2.05 
094-1 96.0 13.0 3.0 0.135416666667 0.03125 3 0.03125 96 4 56.81 0.84 53.45 1.68984 1.79607 0.556771 7.333 2.494 
663-0 52.0 4.0 1.0 0.0769230769231 0.0192307692308 3 0.0576923076923 65 5 28.18 1.92 18.58 2.31 3.5 0.286 8.286 5.229 
094-3 65.0 8.0 1.0 0.123076923077 0.0153846153846 6 0.0923076923077 77 12 40.96 1.49667 23 1.87988 3.34783 0.298701 6 3.697 
094-2 131.0 14.0 4.0 0.106870229008 0.030534351145 4 0.030534351145 136 0 71.04 0 71.04 1.91441 1.91441 0.522353 9.923 5.076 
291-2 41.0 3.0 0.0 0.0731707317073 0.0 1 0.0243902439024 55 7 35.06 3.00714 14.01 1.56874 3.92577 0.254727 6 4.528 
291-1 37.0 1.0 2.0 0.027027027027 0.0540540540541 3 0.0810810810811 50 4 26.26 2.8075 15.03 1.90404 3.32668 0.3006 5.714 2.657 
252-1 80.0 4.0 2.0 0.05 0.025 3 0.0375 98 20 57.85 0.768 42.49 1.69404 2.30643 0.433571 9.4 4.758 
252-0 63.0 5.0 1.0 0.0793650793651 0.015873015873 2 0.031746031746 115 0 50.51 0 50.51 2.28 2.28 0.439 12.5 8.441 

515-1 81.0 9.0 1.0 0.111111111111 0.0123456790123 6 0.0740740740741 100 8 31.51 0.82125 24.94 3.1736 4.00962 0.2494 10.333 7.087 
127-0 41.0 4.0 0.0 0.0975609756098 0.0 0 0.0 46 0 25.08 0 25.08 1.83413 1.83413 0.545217 13 4.743 
269-0 195.0 19.0 6.0 0.0974358974359 0.0307692307692 13 0.0666666666667 331 4 135.49 0.6225 133 2.44298 2.48872 0.401813 12.588 4.741 
168-1 82.0 10.0 1.0 0.121951219512 0.0121951219512 15 0.182926829268 113 17 69.13 1.49824 43.66 1.6346 2.58818 0.386372 5.267 3.941 
168-0 21.0 0.0 0.0 0.0 0.0 5 0.238095238095 44 0 11.32 0 11.32 3.89 3.89 0.257 9.5 1.5 
674-0 38.0 2.0 0.0 0.0526315789474 0.0 3 0.0789473684211 63 6 28.75 2.24167 15.3 2.19 4.12 0.243 8 1.414 
091-2 76.0 3.0 0.0 0.0394736842105 0.0 4 0.0526315789474 104 8 40.15 2.55125 19.74 2.59029 5.26849 0.189808 11.143 6.151 

216-1 110.0 12.0 0.0 0.109090909091 0.0 9 0.0818181818182 108 12 37.42 0.926667 26.3 2.88616 4.10646 0.243519 9.333 3.944 
134-2 58.0 6.0 0.0 0.103448275862 0.0 6 0.103448275862 58 0 34.59 0 34.59 1.67679 1.67679 0.596379 10.6 8.357 
492-0 131.0 11.0 2.0 0.0839694656489 0.0152671755725 8 0.0610687022901 143 23 60.91 1.15087 34.44 2.34773 4.15215 0.240839 13 6.179 
205-1 43.0 0.0 1.0 0.0 0.0232558139535 4 0.093023255814 60 20 87.95 1.789 52.17 0.682206 1.15009 0.8695 2 1.768 
053-1 186.0 29.0 4.0 0.155913978495 0.0215053763441 7 0.0376344086022 249 0 93.88 0 93.88 2.65232 2.65232 0.377028 7.826 5.828 
173-1 39.0 5.0 3.0 0.128205128205 0.0769230769231 2 0.0512820512821 63 3 35.6 1.98333 29.65 1.76966 2.12479 0.470635 5.571 1.841 
050-0 73.0 10.0 1.0 0.13698630137 0.013698630137 4 0.0547945205479 81 0 50.19 0 49.04 1.61387 1.65171 0.605432 6.364 3.6 
183-3 62.0 2.0 1.0 0.0322580645161 0.0161290322581 2 0.0322580645161 77 13 36.02 0.924615 24 2.1377 3.20833 0.311688 8.333 4 
488-1 26.0 2.0 0.0 0.0769230769231 0.0 0 0.0 27 1 22.57 14.46 8.11 1.19628 3.32922 0.30037 6.8 1.47 
508-0 87.0 6.0 2.0 0.0689655172414 0.0229885057471 3 0.0344827586207 101 19 48.28 1.02474 28.81 2.09196 3.50573 0.285248 6.059 3.386 
587-0 102.0 11.0 1.0 0.107843137255 0.00980392156863 6 0.0588235294118 118 18 52 1.28556 28.86 2.26923 4.0887 0.244576 9.182 7.309 
010-0 251.0 21.0 8.0 0.0836653386454 0.0318725099602 6 0.0239043824701 262 0 103.74 0 103.74 2.52554 2.52554 0.395954 12.9 9.208 
527-1 78.0 9.0 1.0 0.115384615385 0.0128205128205 4 0.0512820512821 132 4 46.28 2.77 35.2 2.8522 3.75 0.266667 11.667 6.872 
504-0 114.0 15.0 4.0 0.131578947368 0.0350877192982 1 0.00877192982456 122 10 44.25 1.265 31.6 2.75706 3.86076 0.259016 13.4 7.826 
164-1 39.0 3.0 1.0 0.0769230769231 0.025641025641 3 0.0769230769231 46 11 39.67 2.30364 14.33 1.15957 3.21005 0.311522 5.625 1.798 
164-3 54.0 4.0 3.0 0.0740740740741 0.0555555555556 4 0.0740740740741 55 14 45.45 2.22643 14.28 1.21012 3.85154 0.259636 7.625 1.867 
164-2 45.0 3.0 3.0 0.0666666666667 0.0666666666667 3 0.0666666666667 54 11 35.86 2.04 13.43 1.51 4.02 0.249 8.833 3.078 
270-1 92.0 9.0 3.0 0.0978260869565 0.0326086956522 6 0.0652173913043 124 11 56.26 0.51 50.6 2.2 2.45 0.408 8.818 5.184 

270-2 98.0 8.0 3.0 0.0816326530612 0.030612244898 6 0.0612244897959 144 25 76.17 1.144 47.57 1.89051 3.02712 0.330347 8.385 4.342 
238-0 100.0 16.0 3.0 0.16 0.03 14 0.14 167 0 76.43 0 76.43 2.18501 2.18501 0.457665 6.2 3.059 
010-4 50.0 6.0 4.0 0.12 0.08 9 0.18 62 5 46.96 2.49 34.51 1.32027 1.79658 0.556613 5.25 2.487 
067-2 113.0 19.0 6.0 0.16814159292 0.0530973451327 4 0.0353982300885 145 14 57.31 1.32571 38.75 2.5301 3.74194 0.267241 8.067 4.837 
067-1 92.0 10.0 1.0 0.108695652174 0.0108695652174 2 0.0217391304348 117 0 54.19 0 54.19 2.15907 2.15907 0.463162 10.091 5.664 
636-0 31.0 4.0 1.0 0.129032258065 0.0322580645161 0 0.0 39 4 19.97 1.6425 13.4 1.95293 2.91045 0.34359 8 5.254 
134-3 71.0 8.0 0.0 0.112676056338 0.0 3 0.0422535211268 119 0 39.04 0 39.04 3.04816 3.04816 0.328067 8.111 8.103 
337-0 68.0 4.0 5.0 0.0588235294118 0.0735294117647 3 0.0441176470588 69 11 38.47 1.96273 16.88 1.79361 4.08768 0.244638 6.667 3.793 
341-0 77.0 6.0 0.0 0.0779220779221 0.0 4 0.0519480519481 86 11 60 3.41727 22.41 1.43333 3.83757 0.260581 9 4.099 
470-1 113.0 19.0 1.0 0.16814159292 0.00884955752212 5 0.0442477876106 124 17 53.64 1.26471 32.14 2.31171 3.85812 0.259194 6.65 5.434 
346-0 97.0 9.0 2.0 0.0927835051546 0.020618556701 3 0.0309278350515 104 5 30.97 1.202 24.96 3.35809 4.16667 0.24 7.733 4.187 
279-0 150.0 21.0 3.0 0.14 0.02 5 0.0333333333333 170 5 79.27 0.602 76.26 2.14457 2.22922 0.448588 6.92 3.762 
279-1 56.0 4.0 1.0 0.0714285714286 0.0178571428571 1 0.0178571428571 60 0 27.6 0 27.6 2.17 2.17 0.46 8.286 5.65 
220-0 138.0 17.0 2.0 0.123188405797 0.0144927536232 5 0.036231884058 170 17 62.01 1.16824 42.15 2.74149 4.03321 0.247941 9.714 5.006 
220-1 61.0 6.0 2.0 0.0983606557377 0.0327868852459 2 0.0327868852459 73 5 26.72 1.316 20.14 2.73204 3.62463 0.27589 9.571 4.953 
544-1 49.0 2.0 3.0 0.0408163265306 0.0612244897959 0 0.0 61 3 18.2 0.583333 16.45 3.35 3.71 0.27 11.4 7.172 
283-1 114.0 11.0 5.0 0.0964912280702 0.0438596491228 3 0.0263157894737 123 5 40.71 0.458 38.42 3.02 3.2 0.312 10 4.641 
283-0 163.0 20.0 5.0 0.122699386503 0.0306748466258 3 0.0184049079755 171 11 51.13 0.88 41.45 3.34 4.12 0.242 9.25 5.088 
078-1 138.0 11.0 2.0 0.0797101449275 0.0144927536232 7 0.0507246376812 156 21 71.27 1.63238 36.99 2.18886 4.21736 0.237115 8.235 4.037 
078-0 115.0 8.0 2.0 0.0695652173913 0.0173913043478 7 0.0608695652174 152 19 72.07 1.55789 42.47 2.10906 3.579 0.279408 7.312 5.382 

334-1 171.0 13.0 1.0 0.0760233918129 0.00584795321637 11 0.0643274853801 199 16 69.13 1.61688 43.26 2.87863 4.60009 0.217387 13.143 6.345 
703-0 53.0 6.0 0.0 0.11320754717 0.0 1 0.0188679245283 62 2 21.09 3.76 13.57 2.93978 4.5689 0.218871 10.167 4.845 
544-0 59.0 5.0 0.0 0.0847457627119 0.0 0 0.0 67 5 22.44 0.708 18.9 2.98574 3.54497 0.28209 10 6.024 
125-0 48.0 7.0 0.0 0.145833333333 0.0 4 0.0833333333333 100 0 55.11 0 55.11 1.81455 1.81455 0.5511 3.818 2.405 
